==========train_acc==========
[0.8597756410256411, 0.8573717948717948, 0.8717948717948718, 0.8653846153846154, 0.8613782051282052, 0.8645833333333334, 0.8790064102564102, 0.8677884615384616, 0.875801282051282, 0.8814102564102564]
mean: 0.8684294871794872
==========test_acc==========
[0.59375, 0.71875, 0.75, 0.5, 0.53125, 0.53125, 0.625, 0.53125, 0.40625, 0.78125]
mean: 0.596875
==========classification_report==========
              precision    recall  f1-score   support

           N       0.58      0.47      0.52       148
           P       0.61      0.70      0.65       172

    accuracy                           0.60       320
   macro avg       0.59      0.59      0.59       320
weighted avg       0.59      0.60      0.59       320

