==========train_acc==========
[0.5520833333333334, 0.5769230769230769, 0.5592948717948718, 0.5905448717948718, 0.5424679487179487, 0.5881410256410257, 0.5296474358974359, 0.5584935897435898, 0.5560897435897436, 0.5424679487179487]
mean: 0.5596153846153846
==========test_acc==========
[0.46875, 0.25, 0.40625, 0.46875, 0.34375, 0.34375, 0.3125, 0.25, 0.34375, 0.3125]
mean: 0.35
==========classification_report==========
              precision    recall  f1-score   support

           N       0.24      0.31      0.27        88
           U       0.30      0.28      0.29        89
           P       0.47      0.42      0.44       143

    accuracy                           0.35       320
   macro avg       0.34      0.34      0.34       320
weighted avg       0.36      0.35      0.35       320

