==========train_acc==========
[0.5432692307692307, 0.5416666666666666, 0.5240384615384616, 0.5016025641025641, 0.5592948717948718, 0.5913461538461539, 0.5448717948717948, 0.5472756410256411, 0.5456730769230769, 0.5136217948717948]
mean: 0.5412660256410257
==========test_acc==========
[0.4375, 0.5, 0.28125, 0.28125, 0.4375, 0.40625, 0.28125, 0.375, 0.21875, 0.28125]
mean: 0.35
==========classification_report==========
              precision    recall  f1-score   support

           N       0.28      0.25      0.26       102
           U       0.28      0.29      0.29        92
           P       0.44      0.48      0.46       126

    accuracy                           0.35       320
   macro avg       0.34      0.34      0.34       320
weighted avg       0.35      0.35      0.35       320

