==========train_acc==========
[0.875, 0.8717948717948718, 0.8774038461538461, 0.8878205128205128, 0.8798076923076923, 0.8790064102564102, 0.8950320512820513, 0.8854166666666666, 0.8782051282051282, 0.8830128205128205]
mean: 0.88125
==========test_acc==========
[0.625, 0.46875, 0.5625, 0.5, 0.625, 0.65625, 0.375, 0.6875, 0.71875, 0.65625]
mean: 0.5875
==========classification_report==========
              precision    recall  f1-score   support

           N       0.52      0.48      0.50       137
           P       0.63      0.67      0.65       183

    accuracy                           0.59       320
   macro avg       0.58      0.57      0.57       320
weighted avg       0.58      0.59      0.59       320

