==========train_acc==========
[0.6738782051282052, 0.6690705128205128, 0.6586538461538461, 0.6522435897435898, 0.6690705128205128, 0.6915064102564102, 0.6850961538461539, 0.6698717948717948, 0.6458333333333334, 0.6682692307692307]
mean: 0.668349358974359
==========test_acc==========
[0.3125, 0.28125, 0.40625, 0.25, 0.375, 0.34375, 0.375, 0.375, 0.4375, 0.46875]
mean: 0.3625
==========classification_report==========
              precision    recall  f1-score   support

           N       0.32      0.11      0.16        83
           U       0.31      0.77      0.45        97
           P       0.62      0.23      0.33       140

    accuracy                           0.36       320
   macro avg       0.42      0.37      0.31       320
weighted avg       0.45      0.36      0.32       320

