==========train_acc==========
[0.7780448717948718, 0.7868589743589743, 0.8108974358974359, 0.7884615384615384, 0.7748397435897436, 0.7892628205128205, 0.8020833333333334, 0.7788461538461539, 0.7892628205128205, 0.7940705128205128]
mean: 0.7892628205128205
==========test_acc==========
[0.34375, 0.4375, 0.34375, 0.5, 0.5, 0.34375, 0.4375, 0.5, 0.46875, 0.34375]
mean: 0.421875
==========classification_report==========
              precision    recall  f1-score   support

           N       0.31      0.29      0.30        83
           U       0.39      0.30      0.34        98
           P       0.49      0.59      0.53       139

    accuracy                           0.42       320
   macro avg       0.40      0.39      0.39       320
weighted avg       0.41      0.42      0.41       320

