==========train_acc==========
[0.8084935897435898, 0.8285256410256411, 0.7708333333333334, 0.7892628205128205, 0.8084935897435898, 0.8285256410256411, 0.8261217948717948, 0.8004807692307693, 0.7908653846153846, 0.8068910256410257]
mean: 0.8058493589743589
==========test_acc==========
[0.53125, 0.625, 0.5625, 0.53125, 0.34375, 0.8125, 0.625, 0.46875, 0.5, 0.59375]
mean: 0.559375
==========classification_report==========
              precision    recall  f1-score   support

           N       0.51      0.35      0.41       142
           P       0.58      0.73      0.65       178

    accuracy                           0.56       320
   macro avg       0.54      0.54      0.53       320
weighted avg       0.55      0.56      0.54       320

