==========train_acc==========
[0.6418269230769231, 0.5721153846153846, 0.6065705128205128, 0.5769230769230769, 0.5993589743589743, 0.6105769230769231, 0.6001602564102564, 0.6282051282051282, 0.6201923076923077, 0.5761217948717948]
mean: 0.6032051282051281
==========test_acc==========
[0.5, 0.3125, 0.375, 0.40625, 0.53125, 0.21875, 0.46875, 0.40625, 0.28125, 0.59375]
mean: 0.409375
==========classification_report==========
              precision    recall  f1-score   support

           N       0.28      0.16      0.20        80
           U       0.42      0.33      0.37       101
           P       0.44      0.61      0.51       139

    accuracy                           0.41       320
   macro avg       0.38      0.37      0.36       320
weighted avg       0.39      0.41      0.39       320

