==========train_acc==========
[0.7131410256410257, 0.7620192307692307, 0.7628205128205128, 0.7764423076923077, 0.7556089743589743, 0.7516025641025641, 0.7828525641025641, 0.7459935897435898, 0.7940705128205128, 0.7620192307692307]
mean: 0.7606570512820512
==========test_acc==========
[0.65625, 0.53125, 0.65625, 0.59375, 0.375, 0.65625, 0.6875, 0.5, 0.59375, 0.59375]
mean: 0.584375
==========classification_report==========
              precision    recall  f1-score   support

           N       0.54      0.42      0.47       142
           P       0.61      0.71      0.66       178

    accuracy                           0.58       320
   macro avg       0.57      0.57      0.57       320
weighted avg       0.58      0.58      0.58       320

