==========train_acc==========
[0.6185897435897436, 0.6642628205128205, 0.5833333333333334, 0.5857371794871795, 0.6899038461538461, 0.6594551282051282, 0.6674679487179487, 0.625801282051282, 0.6129807692307693, 0.6378205128205128]
mean: 0.6345352564102564
==========test_acc==========
[0.375, 0.34375, 0.3125, 0.4375, 0.4375, 0.40625, 0.3125, 0.3125, 0.4375, 0.3125]
mean: 0.36875
==========classification_report==========
              precision    recall  f1-score   support

           N       0.42      0.09      0.15        91
           U       0.30      0.79      0.44        90
           P       0.59      0.28      0.38       139

    accuracy                           0.37       320
   macro avg       0.44      0.39      0.32       320
weighted avg       0.46      0.37      0.33       320

