==========train_acc==========
[0.6386217948717948, 0.6674679487179487, 0.6706730769230769, 0.6770833333333334, 0.6618589743589743, 0.6698717948717948, 0.6746794871794872, 0.6722756410256411, 0.6899038461538461, 0.6594551282051282]
mean: 0.6681891025641026
==========test_acc==========
[0.6875, 0.53125, 0.375, 0.46875, 0.5625, 0.5, 0.53125, 0.59375, 0.625, 0.625]
mean: 0.55
==========classification_report==========
              precision    recall  f1-score   support

           N       0.46      0.48      0.47       133
           P       0.62      0.60      0.61       187

    accuracy                           0.55       320
   macro avg       0.54      0.54      0.54       320
weighted avg       0.55      0.55      0.55       320

