==========train_acc==========
[0.6738782051282052, 0.7387820512820513, 0.7283653846153846, 0.686698717948718, 0.6907051282051282, 0.6971153846153846, 0.7107371794871795, 0.6794871794871795, 0.6802884615384616, 0.6578525641025641]
mean: 0.6943910256410256
==========test_acc==========
[0.59375, 0.625, 0.46875, 0.5625, 0.5625, 0.53125, 0.46875, 0.46875, 0.625, 0.40625]
mean: 0.53125
==========classification_report==========
              precision    recall  f1-score   support

           N       0.44      0.53      0.48       131
           P       0.62      0.53      0.57       189

    accuracy                           0.53       320
   macro avg       0.53      0.53      0.53       320
weighted avg       0.55      0.53      0.54       320

